姓名,國文,英文,數學,社會,地理
張韋成,58,99,76,76,82
鄧亭聿,75,50,81,71,94
柯韋成,65,100,69,73,80
黃彥孝,57,62,55,93,59
盧冠發,56,57,56,77,80
林珍旺,56,56,72,91,74
林昱芳,58,54,95,51,78
李美洋,62,74,94,89,87
戚亨,62,53,58,98,70
郭淑枝,59,51,73,99,91
趙宛真,85,90,53,73,66
黃彥孝,63,94,56,57,50
程玫靖,83,70,62,71,77
蔡孟泉,74,67,51,95,83
吳振瑋,73,69,59,90,66
張嘉韋,89,82,65,100,60
胡姿婷,90,87,97,66,80
黃名明,79,57,95,92,81
林志喜,100,53,87,74,89
洪阿惠,87,53,63,58,72
洪奎夫,50,51,63,86,61
黃雅慧,52,82,54,73,76
王人仰,60,70,83,71,100
周芷蓁,50,83,50,77,55
余宗儒,54,90,89,93,67
蔡至剛,100,55,75,51,94
陳孝邦,61,77,64,89,95
白世宏,70,62,85,59,74
胡芳瑜,53,61,91,71,86
郭舜昇,77,51,83,64,71
